4118779904
5680093184
6259249156
7477637128
4052865034
8496345099
4775272462
9778626574
6737352720
9623089171
7074547732
6609278998
6628347926
6910281750
3975911449
9123543066
2632120346
7445383195
1115832349
1186185242
2545156127
7566059551
8167802913
1792714783
3818844195
8783632415
4505393190
2428555303
2318383145
6900600874
6728411183
6325090352
4749090867
1927161907
8714121269
1186727991
4961689656
2436214840
8414793785
1945030716
2468689981
8078030911
6775023683
5636810821
1127931974
1625327687
2774503498
9432332373
2744436821
2846881877
2938101848
9352394841
2690969694
8158322784
3391459427
4004266086
1761022057
2042824813
8393121901
7800060018
3387799669
6042703990
5689948279
6370762874
4836855935
8849762437
3622127749
7291979909
1877262469
7926900873
2802380939
8808806540
2144544909
2878455949
7031787665
5370841233
3708514450
2311266453
8919752854
3583537310
3645284511
2639530142
4330825892
7163564196
6719938732
5682964655
6436491440
1064904880
4826622128
9765222579
1915371699
7772205237
9480435891
8823472303
4990730430
2329508031
2406435009
9761552578
8037744833
6620147907
9249288389
1208844486
3601432775
2961766600
5255899337
5029454026
7795859657
9453054149
4748875981
6515712206
6630561999
6081464534
6625534167
6511192280
3047747804
8514025694
2496114910
4275628256
4676845793
5642041569
5385418980
8242907365
6214971625
8605571307
9017399531
2614886637
2203986157
6335324398
1141686510
8902086896
4768725232
8815653104
4000209137
6642139372
8953807095
3378807032
3705071866
6311860475
3848978684
5295581438
5669542143
6958563584
1692852479
5408860419
3579109638
6415452422
5322092808
3457739015
2536061197
2153396494
7840655637
6867413271
6716770584
4038193432
9581496604
4051298591
7639105824
3594141987
3009452323
8617097507
1725673767
3745704235
6881413420
9478693165
1947760941
1986840878
1863780663
8567464249
2688139579
5280069950
5806588223
8375877955
5500813636
4941840709
5073656139
3911862607
9948141907
8645323096
6867163489
9136755042
8068327779
8371087716
2576802149
8040452455
1482867047
8282163568
4433809778
5848775028
5599500665
6070350202
3414649212
6112156028
6901322111
5777803647
1029415299
1264720261
7846707590
9920897415
3254882696
7217490312
2162405770
1631218058
3694979461
9080615310
1003284880
8526444944
5412708752
7546857873
5812158864
9597997461
1167982995
7451679128
9706035609
8467968411
2723230111
5492142496
8113000865
1719779747
6878949796
4985856421
3738786213
5715493283
9081704868
1894072749
6932062639
9784353200
2723762609
6335324596
5075984823
4823116217
3789207993
9438173630
1587917248
4956320192
9677314498
8891275714
3375172038
9711751623
8932190664
9339060679
2762748365
8267219406
2581428688
6696442327
8734779864
3550304733
8319107550
9160413664
3795692003
2097078755
5062885861
1507756524
7111635436
6732575215
4141144560
5330700785
7834966514
3606739447
1374046711
9437004282
1104024058
1027840507
3272176127
1214777856
7949216258
8973036039
1167133193
1504864778
9469391370
8120117773
3676307981
6194278929
7382698515
1465553429
9134662166
6686089749
7971027480
2822177306
3046062619
4857786907
9198971425
1448364026
5419491883
4815274547
4356807220
5215175228
7806716476
1545597502
4653374013
9399441984
3488078401
5855507010
5231546952
8481409615
5981583951
5058165330
9393588821
9227610709
4026352214
1439445593
4398047837
7411083871
4863504992
8560144992
1714938466
2461995619
2019195491
2707997285
3604005478
2370241126
8083229286
7922055778
9517982314
9457320555
1078301295
9870060146
4648258162
9818010228
8710795890
8518974070
2361082487
4833446520
4536789625
9059021437
6849686145
2074430085
5112826503
5144244873
6530364041
4160653963
5360398989
3583396495
1319291536
7436763795
2742745749
1993007765
9413868181
7742309016
8570485403
6979480221
6074798755
9047403176
4774654633
1357884076
5809642156
3061230256
4909079217
9082411699
5009404596
9221595829
1306231477
2135073464
2468219578
1715503803
2919680700
8566106816
8501031616
2032988871
8301001417
2391124683
8652192460
8408249036
9682399950
5760441039
5281293009
8956748502
4136540886
1797288667
5977191131
5890484961
4480283364
3074036453
7845157610
6445845228
2190596845
8257694445
2967444208
6880154353
8142322418
8855898865
5613470448
5103155952
1890374390
3220495096
8234449658
4117711611
9743235834
5424206589
6487198463
5349030657
4001962756
9395673862
4787495690
4887487244
7374476047
7234024212
9865126676
7457966868
8488983320
6481115929
1607232282
6666898203
9600211740
3071996698
7967609630
8073835294
8214340376
9133566753
4552895267
7963915046
3257764646
5551954730
3556348717
7576310573
5974151985
7015377715
2180295475
6960157493
5855378230
9632594743
2827610931
7982453561
6200472378
4499839806
9971182399
9303130944
9128870721
8687461185
4569207625
4008092492
1763210060
4801874769
9911190353
5694982994
4904338259
7189642069
4667071318
2978724694
3845167957
6228030292
5974565724
4567618399
1744415584
8396694370
1966721890
2503166819
1714998117
3654021990
2800210790
2122586984
6932079464
6670883682
3963167596
9983368047
3956489075
2457140087
3024161659
6747941760
2088508289
6621447047
8680047499
6073248652
4237368204
3537703821
8734094224
9929132951
4053840791
3149577112
7040215962
2973801368
6224823193
1142553501
2093194135
4041335708
8267467681
2803573666
1595964327
5123914664
7092229033
1083192232
5650056107
1837458343
6941008808
4520729518
1895023537
5896553394
9357482931
1830190004
8541143990
2069326775
9715620793
9587835834
5199348667
5255635901
5342245822
7066895295
6218234818
3017950146
1588935621
3189894086
1820957643
7506713547
9821989839
9813439443
4386864085
2974094297
2357920735
2381427680
7120186336
9305074658
5896743906
5992336354
3211678694
8911791078
6365647850
9563163627
2486113261
4207963118
1997878255
4005706735
5633768433
9254042610
7281245173
6842864629
9495118839
3559158776
5937716216
4635198457
5117080567
7864009724
4690514940
7704720385
9636275201
6420892676
1598811141
2877975559
1166341129
4358552593
2460326930
3884547091
1124631572
7862570010
4088558623
2672460833
5812667426
2345505827
3124726818
4047782952
3855295529
8887630888
7763825707
6239964204
8803118126
8694043694
6904919092
8818228289
6934465601
7424603204
7155735624
7271332938
4482124876
6389023822
5597510735
8954659919
2232290385
5274346578
7670987865
4065739866
8277609562
5121129563
9050805344
7642336355
7259853923
8378512492
9469711472
8504671348
1319957620
4008940661
6910499960
3968257145
8195535994
2858253435
3835636857
5223310469
2877373576
8271862923
6797829260
8116698252
3475408014
2445317265
2152930455
2439980184
4536999064
1791968410
3638903963
1855417500
9756716191
2098748580
9343745188
2825710758
7197430954
3465901227
2793299114
8044846253
9930067114
7004978351
8974204080
2599308466
6453300403
6889944244
7425098932
4159716534
9164262578
5318309049
2262742202
3199593663
2744782018
7316917443
4471260358
3768743111
7340424392
8873149642
8200813773
3138888909
5079274703
8674626766
3153521873
8498961617
7762531537
1675488469
6308797654
6298432725
9211458778
1086559451
5677065435
6007555299
6832155877
1490185448
4826002665
9051002089
6084582633
2488311019
5827581165
4245056750
7041649908
9736975606
2200962298
7509460219
8268068091
4410254589
6690712833
7051136258
2327526657
4391369988
4261610758
9847915785
5871224073
3868286219
7550819596
3251031307
7092088080
1225841937
5205738769
9802173714
2812409111
2477372698
6956150043
6839706907
7467074847
1995795745
1214113058
5087223075
4815727906
2701630766
1257915696
8506856753
4356795698
1868078390
8314035512
8094856512
3069394244
2636236103
8301864265
6785312075
3378152779
6412078415
3789516113
4824763730
8181509457
1186442581
3632160088
9442901337
9988775259
9621101916
9843998057
9534569834
4022044011
5761985899
2677325164
2003176817
3381720437
3566126456
7323037049
7029091711
1129909633
3534175617
1201630595
6610040193
4846632326
7210497415
8196597128
3081971078
7870885260
1761428878
6402399635
4894502291
4255915417
3653797273
8925095324
9775017376
5575546275
4431605156
1765678503
2050588075
1586687403
6753009070
5361046958
2436658611
7812597173
9832779192
4896759232
3545120195
9509166532
2898873797
8557729221
5133747657
2925608394
9775416779
4761798096
6273220049
3276774873
5464942045
4234663390
1826119137
6407706083
7416647139
3904507369
8519630313
9695075817
6696127978
5433306605
3551956457
7112721906
8270245366
6631073272
2979991033
6798638585
7894697467
5146549755
3374185979
1505744386
5850830339
6606130693
6909230598
3965214213
9198867974
9734374919
5292381706
8963286538
6194275857
5436081683
4952026644
6412920342
6029821464
7407801888
7951787555
2684421669
4491611686
7998281261
5999918637
4645613103
8724680242
4106114610
6837253686
6209105463
7449146936
2878993978
9084423738
8497800765
9008903743
1200213568
1651465793
4972482113
5568130625
4258274887
3157382730
8257973835
1146148428
6949117515
6458740305
6268685906
6392165973
1304991326
3622653535
2904391264
7169623650
2493343332
2067920485
5048481384
8761384554
8007755371
1148106348
3177238124
6496038511
8121923185
4006551158
3854694006
4597212791
7252129402
6954878586
9063464572
1207713402
2490576512
7418371713
2133718657
1171197568
9930368645
3201646213
5236844167
4226840202
9560411787
2632769164
7380084366
1535602322
6223410835
6295840402
4528064149
6763544218
9050619548
2025744031
4832364191
6556741281
5745778338
3299436194
4723424932
1678282400
1841489577
5896320683
1746210475
6803091117
8426282668
9519914672
3883898547
2831083188
8683863736
4476911288
5215129274
8511116987
1009483454
2633850558
8184235716
2504629956
5793011398
1761255112
2360262344
6278420171
2729858765
8108248782
6352776909
4704988880
9396854481
1401609936
2030857940
1292177110
9679668954
4273987291
2212253405
4812517085
5589536477
8926775009
8153036515
4674002661
3343144678
3219343080
5955495661
3009285869
6071480048
4109307634
8558026483
7012357878
1861869309
9523463934
3132927743
6731527938
9686640388
4685410054
8772362000
8739757842
9652594453
4780846870
1098153753
9954285341
4942024479
6436355872
1114638113
8954724128
3748472611
6529120039
9546665769
8923909934
2855604014
5647443759
6926247730
3435329332
7894384437
8414164789
9550016313
3506605882
1348263747
7444621123
2914981704
3465744202
5173249870
2583912270
8403689299
7757072212
4912240467
9719359319
7987724120
4024702809
2774794075
9673680734
9380763489
7660498938
1288224611
6645471079
5895616364
2173773678
1306390383
7585486705
6552086386
8718495604
7948146554
6694188926
8976908159
8297949055
1885089665
8640911236
9299036040
9670633354
7346091915
5156761482
5560029069
7894853517
8250691471
9349638032
8082513803
2150313876
2731276181
1531445145
5148139420
6233382817
6056650661
5293692838
8950691752
3618353067
3267938223
4072396722
8671520691
1800443831
6984734653
9736003518
8390571971
4185071559
2633732043
1526958027
3252535246
5151215569
9358196693
6168227799
3796604888
3474950107
7456456668
7139196893
4105877469
1608255455
1155164125
2635272165
7674105829
2771933161
7615627243
7676755964
2109444080
2241943538
4899919858
5176514551
6790909946
6603993083
1833482236
3052494845
